2.0000 0
4.0000 0
6.0000 0
8.0000 1
10.0000 2
12.0000 2
14.0000 3
16.0000 3
18.0000 4
22.0000 4
24.0000 5
26.0000 5
28.0000 6
30.0000 6
32.0000 7
34.0000 7
36.0000 8
38.0000 8
40.0000 8
42.0000 9
44.0000 9
46.0000 10
48.0000 10
50.0000 11
52.0000 12
54.0000 12
56.0000 12
60.0000 13

2.0000 0
4.0000 0
6.0000 1
8.0000 1
10.0000 2
12.0000 2
16.0000 3
20.0000 4
22.0000 4
24.0000 5
26.0000 5
28.0000 6
30.0000 6
32.0000 7
36.0000 8
38.0000 8
40.0000 8
42.0000 9
44.0000 9
46.0000 10
48.0000 10
52.0000 11
54.0000 12
56.0000 12
58.0000 13
60.0000 13

2.0000 0
4.0000 0
6.0000 0
8.0000 1
10.0000 2
12.0000 2
14.0000 2
16.0000 3
18.0000 3
20.0000 4
22.0000 4
24.0000 5
26.0000 5
28.0000 6
30.0000 6
32.0000 7
34.0000 7
36.0000 7
38.0000 7
40.0000 7
42.0000 8
44.0000 8
46.0000 8
48.0000 9
50.0000 9
52.0000 9
54.0000 9
56.0000 10
58.0000 10
60.0000 10

2.0000 0
4.0000 0
6.0000 0
8.0000 1
10.0000 2
12.0000 2
14.0000 2
16.0000 3
18.0000 3
20.0000 4
22.0000 4
24.0000 5
26.0000 5
28.0000 6
30.0000 6
34.0000 8
36.0000 8
38.0000 8
40.0000 9
42.0000 9
44.0000 9
46.0000 10
48.0000 10
50.0000 11
52.0000 12
54.0000 12
56.0000 12
58.0000 13
60.0000 14

2.0000 0
6.0000 1
8.0000 1
10.0000 2
12.0000 2
14.0000 3
16.0000 3
18.0000 4
20.0000 4
22.0000 4
24.0000 5
26.0000 5
28.0000 6
30.0000 6
32.0000 7
34.0000 7
36.0000 8
38.0000 8
40.0000 8
42.0000 9
44.0000 9
48.0000 10
50.0000 11
52.0000 12
54.0000 12
56.0000 12
58.0000 13
60.0000 13

2.0000 0
4.0000 0
6.0000 1
8.0000 1
10.0000 2
12.0000 2
16.0000 3
18.0000 4
20.0000 4
22.0000 4
24.0000 5
26.0000 5
28.0000 6
30.0000 6
32.0000 7
34.0000 7
36.0000 8
38.0000 8
40.0000 8
42.0000 9
44.0000 9
48.0000 10
50.0000 11
52.0000 12
56.0000 12
58.0000 13
60.0000 13

2.0000 0
2.0000 0
4.0000 0
6.0000 1
8.0000 1
10.0000 2
10.0000 2
12.0000 2
14.0000 2
16.0000 3
18.0000 3
20.0000 4
22.0000 4
24.0000 5
26.0000 5
28.0000 6
30.0000 6
32.0000 6
34.0000 7
36.0000 7
38.0000 8
40.0000 8
42.0000 9
44.0000 9
46.0000 10
48.0000 10
50.0000 11
52.0000 11
54.0000 12
56.0000 12
60.0000 13

2.0000 0
4.0000 0
6.0000 0
8.0000 1
10.0000 2
12.0000 2
16.0000 3
18.0000 3
20.0000 4
22.0000 4
24.0000 5
26.0000 5
28.0000 5
30.0000 5
32.0000 6
34.0000 6
42.0000 8
44.0000 9
46.0000 9
48.0000 10
50.0000 10
52.0000 11
54.0000 11
56.0000 12
58.0000 12
60.0000 13

2.0000 0
4.0000 0
6.0000 1
10.0000 2
12.0000 2
14.0000 2
18.0000 3
20.0000 4
22.0000 4
24.0000 5
26.0000 5
28.0000 6
30.0000 6
32.0000 7
36.0000 7
38.0000 7
40.0000 7
42.0000 8
44.0000 8
46.0000 9
48.0000 9
50.0000 10
52.0000 10
54.0000 11
56.0000 11
58.0000 12
60.0000 12
2.0000 0
4.0000 0
6.0000 0
8.0000 1
10.0000 2
12.0000 2
14.0000 3
16.0000 3
18.0000 4
22.0000 4
24.0000 5
26.0000 5
28.0000 6
30.0000 6
32.0000 7
34.0000 7
36.0000 8
38.0000 8
40.0000 8
42.0000 8
44.0000 9
46.0000 9
48.0000 10
50.0000 10
52.0000 11
54.0000 12
56.0000 12
58.0000 12
60.0000 13
2.0000 0
4.0000 0
8.0000 1
10.0000 2
12.0000 2
14.0000 3
16.0000 3
18.0000 4
20.0000 4
22.0000 4
24.0000 5
26.0000 5
28.0000 6
30.0000 6
32.0000 7
34.0000 7
36.0000 8
38.0000 8
40.0000 8
42.0000 9
44.0000 9
46.0000 10
48.0000 10
50.0000 11
52.0000 11
54.0000 12
56.0000 12
58.0000 13
60.0000 13
2.0000 0
4.0000 0
6.0000 1
8.0000 1
10.0000 2
12.0000 2
14.0000 2
16.0000 3
18.0000 3
20.0000 4
22.0000 4
24.0000 5
26.0000 5
28.0000 6
30.0000 6
32.0000 7
34.0000 8
36.0000 8
38.0000 8
40.0000 9
42.0000 9
44.0000 10
46.0000 10
48.0000 11
50.0000 11
52.0000 12
54.0000 12
56.0000 12
58.0000 12
60.0000 13
2.0000 0
4.0000 0
6.0000 0
8.0000 1
10.0000 2
12.0000 2
14.0000 2
16.0000 3
18.0000 3
20.0000 4
22.0000 4
24.0000 5
26.0000 5
28.0000 6
30.0000 6
32.0000 7
34.0000 8
36.0000 8
38.0000 8
40.0000 9
42.0000 9
44.0000 10
48.0000 11
50.0000 11
52.0000 12
54.0000 12
58.0000 13
60.0000 14
2.0000 0
4.0000 0
6.0000 1
8.0000 1
10.0000 2
12.0000 2
14.0000 3
16.0000 3
18.0000 4
20.0000 4
22.0000 4
24.0000 5
26.0000 5
28.0000 6
30.0000 6
32.0000 7
34.0000 7
36.0000 8
38.0000 8
40.0000 8
42.0000 9
44.0000 9
46.0000 10
48.0000 11
52.0000 12
54.0000 13
56.0000 13
58.0000 14
60.0000 14
2.0000 0
4.0000 0
6.0000 0
6.0000 1
8.0000 1
10.0000 2
12.0000 2
14.0000 2
16.0000 3
18.0000 3
20.0000 4
22.0000 4
24.0000 5
26.0000 5
32.0000 7
34.0000 8
36.0000 8
38.0000 8
40.0000 9
42.0000 9
44.0000 10
46.0000 10
48.0000 11
50.0000 11
52.0000 12
54.0000 12
56.0000 13
58.0000 13
60.0000 14
2.0000 0
4.0000 0
4.0000 0
6.0000 0
8.0000 0
10.0000 0
12.0000 0
14.0000 1
16.0000 1
18.0000 2
20.0000 2
24.0000 2
26.0000 2
28.0000 2
30.0000 4
32.0000 4
32.0000 4
34.0000 4
2.0000 0
4.0000 0
6.0000 0
2.0000 0
4.0000 0
4.0000 0
6.0000 1
8.0000 1
8.0000 1
10.0000 2
12.0000 2
14.0000 3
14.0000 3
16.0000 3
18.0000 4
18.0000 4
20.0000 4
22.0000 4
22.0000 4
24.0000 5
24.0000 5
26.0000 5
26.0000 5
28.0000 6
28.0000 6
28.0000 6
30.0000 6
32.0000 7
32.0000 7
34.0000 7
36.0000 8
38.0000 8
40.0000 8
40.0000 8
42.0000 9
42.0000 9
44.0000 9
46.0000 10
48.0000 10
48.0000 10
50.0000 11
52.0000 11
54.0000 12
56.0000 12
56.0000 12
58.0000 13
58.0000 13
60.0000 13
60.0000 13
