
2.0000 0
4.0000 0
6.0000 4
8.0000 5
10.0000 9
12.0000 10
14.0000 12
16.0000 13
18.0000 14
20.0000 15
22.0000 19
24.0000 20
26.0000 21
28.0000 23
30.0000 24
32.0000 25
34.0000 27
36.0000 28
38.0000 29
40.0000 30
42.0000 32
44.0000 33
46.0000 35
50.0000 36
54.0000 39
56.0000 39
60.0000 40

2.0000 0
4.0000 1
6.0000 3
8.0000 5
10.0000 9
14.0000 13
18.0000 14
20.0000 16
24.0000 19
26.0000 21
28.0000 23
32.0000 25
36.0000 28
38.0000 30
40.0000 30
42.0000 33
44.0000 34
46.0000 35
48.0000 36
50.0000 37
52.0000 38
54.0000 38
56.0000 39
58.0000 40
60.0000 40

2.0000 0
4.0000 1
6.0000 5
8.0000 6
10.0000 10
12.0000 12
16.0000 14
20.0000 18
24.0000 22
28.0000 25
32.0000 28
34.0000 29
38.0000 31
44.0000 36
46.0000 36
48.0000 37
50.0000 37
52.0000 37
54.0000 38
58.0000 39

2.0000 0
4.0000 1
6.0000 4
8.0000 6
10.0000 10
12.0000 11
14.0000 12
16.0000 13
18.0000 13
20.0000 13
22.0000 15
24.0000 16
26.0000 18
28.0000 20
30.0000 21
32.0000 22
34.0000 24
36.0000 24
38.0000 27
40.0000 29
42.0000 32
44.0000 32
46.0000 33
48.0000 35
50.0000 36
54.0000 38
56.0000 40
58.0000 40
60.0000 40

2.0000 0
4.0000 1
6.0000 2
8.0000 4
10.0000 8
12.0000 9
14.0000 10
16.0000 11
22.0000 15
24.0000 16
26.0000 17
28.0000 19
30.0000 21
32.0000 21
34.0000 22
36.0000 25
42.0000 29
44.0000 32
46.0000 33
48.0000 34
50.0000 38
56.0000 39
58.0000 39
60.0000 39

2.0000 0
4.0000 1
6.0000 3
8.0000 5
10.0000 8
12.0000 9
14.0000 12
16.0000 13
18.0000 15
20.0000 15
24.0000 19
26.0000 21
28.0000 22
30.0000 23
32.0000 26
34.0000 27
36.0000 29
38.0000 30
40.0000 32
42.0000 34
44.0000 36
46.0000 38
48.0000 38
52.0000 38
54.0000 38
56.0000 38
58.0000 38
60.0000 38


2.0000 0
4.0000 1
6.0000 3
8.0000 5
14.0000 10
16.0000 12
18.0000 13
20.0000 14
24.0000 16
26.0000 19
28.0000 19
29.9500 20
34.0000 24
36.0000 27
42.0000 31
44.0000 31
46.0000 33
48.0000 34
50.0000 35
52.0000 36
54.0000 38
56.0000 38
58.0000 39
60.0000 39

4.0000 1
8.0000 6
10.0000 10
12.0000 12
14.0000 14
16.0000 15
18.0000 16
20.0000 17
22.0000 20
24.0000 22
26.0000 22
28.0000 24
30.0000 24
32.0000 28
34.0000 29
36.0000 31
38.0000 32
40.0000 33
44.0000 35
46.0000 36
48.0000 37
50.0000 37
52.0000 38
54.0000 39
56.0000 39
58.0000 39
60.0000 39

2.0000 0
4.0000 0
6.0000 3
8.0000 5
10.0000 9
12.0000 10
14.0000 11
18.0000 13
22.0000 14
24.0000 15
26.0000 16
28.0000 18
30.0000 19
32.0000 21
34.0000 22
36.0000 25
38.0000 28
40.0000 30
44.0000 33
46.0000 33
48.0000 33
50.0000 35
52.0000 35
56.0000 35
58.0000 35
60.0000 35

2.0000 0
4.0000 1
8.0000 5
10.0000 9
12.0000 10
14.0000 11
18.0000 13
20.0000 13
22.0000 15
24.0000 16
26.0000 17
28.0000 18
30.0000 20
32.0000 21
34.0000 23
36.0000 23
38.0000 24
40.0000 25
44.0000 27
46.0000 29
48.0000 31
50.0000 33
52.0000 36
54.0000 38
56.0000 39
58.0000 39
60.0000 39

2.0000 0
4.0000 1
6.0000 4
8.0000 6
10.0000 10
14.0000 13
18.0000 13
20.0000 14
22.0000 15
24.0000 15
25.9500 16
30.0000 18
32.0000 20
34.0000 22
36.0000 24
38.0000 25
40.0000 26
42.0000 27
44.0000 29
46.0000 31
48.0000 32
50.0000 34
52.0000 35
54.0000 36
56.0000 38
58.0000 38
60.0000 39
2.0000 0
4.0000 1
4.0000 1
6.0000 4
8.0000 6
10.0000 10
12.0000 12
14.0000 13
16.0000 13
18.0000 14
20.0000 16
20.0000 16
22.0000 17
24.0000 19
26.0000 20
28.0000 20
32.0000 25
34.0000 25
36.0000 26
38.0000 27
39.9500 28
42.0000 29
44.0000 30
46.0000 32
48.0000 33
50.0000 35
52.0000 35
52.0000 35
54.0000 35
56.0000 36
58.0000 39
60.0000 39
60.0000 39
2.0000 0
4.0000 1
6.0000 5
8.0000 6
10.0000 10
12.0000 11
14.0000 13
16.0000 14
18.0000 15
20.0000 17
22.0000 18
24.0000 19
26.0000 19
28.0000 22
30.0000 23
32.0000 25
34.0000 26
36.0000 29
40.0000 31
42.0000 31
44.0000 33
46.0000 33
48.0000 36
50.0000 36
54.0000 37
56.0000 38
58.0000 39
60.0000 39
